20110125 20110125-S01E01 Winter_is_coming 3720 9.1 1
20110125 20110125-S01E02 The_Kings_Road 3360 8.8 1
20110125 20110125-S01E03 Lord_Snow 3480 8.7 1
20110125 20110125-S01E04 Cripples_Bastards_and_Broken_Things 3360 8.8 1
20110125 20110125-S01E05 The_Wolf_and_the_Lion 3300 9.1 1
20110125 20110125-S01E06 A_Golden_Crown 3180 9.2 1
20110125 20110125-S01E07 You_Win_or_You_Die 3480 9.2 1
20110125 20110125-S01E08 The_Pointy_End 3540 9 1
20110125 20110125-S01E09 Baelor 3420 9.6 1
20110125 20110125-S01E10 Fire_and_Blood 3180 9.5 1
20110125 20110125-S02E01 The_North_Remembers 3180 8.8 2
20110125 20110125-S02E02 The_Night_Lands 3240 8.5 2
20110125 20110125-S02E03 What_Is_Dead_May_Never_Die 3180 8.8 2
20110125 20110125-S02E04 Garden_of_Bones 3060 8.8 2
20110125 20110125-S02E05 The_Ghost_of_Harrenhal 3300 8.8 2
20110125 20110125-S02E06 The_Old_Gods_and_the_New 3240 9.1 2
20110125 20110125-S02E07 A_Man_Without_Honor 3360 8.9 2
20110125 20110125-S02E08 The_Prince_of_Winterfell 3240 8.8 2
20110125 20110125-S02E09 Blackwater 3300 9.7 2
20110125 20110125-S02E10 Valar_Morghulis 3840 9.4 2
20110125 20110125-S03E01 Valar_Dohaeris 3300 8.8 3
20110125 20110125-S03E02 Dark_Wings_Dark_Words 3360 8.6 3
20110125 20110125-S03E03 Walk_of_Punishment 3360 8.9 3
20110125 20110125-S03E04 And_Now_His_Watch_Is_Ended 3180 9.6 3
20110125 20110125-S03E05 Kissed_by_Fire 3420 9 3
20110125 20110125-S03E06 The_Climb 3180 8.8 3
20110125 20110125-S03E07 The_Bear_and_the_Maiden_Fair 3480 8.7 3
20110125 20110125-S03E08 Second_Sons 3360 9 3
20110125 20110125-S03E09 The_Rains_of_Castamere 3060 9.9 3
20110125 20110125-S03E10 Mhysa 3780 9.2 3
20110125 20110125-S04E01 Two_Swords 3480 9.1 4
20110125 20110125-S04E02 The_Lion_and_the_Rose 3120 9.7 4
20110125 20110125-S04E03 Breaker_of_Chains 3420 8.9 4
20110125 20110125-S04E04 Oathkeeper 3300 8.8 4
20110125 20110125-S04E05 First_of_His_Name 3180 8.7 4
20110125 20110125-S04E06 The_Laws_of_Gods_and_Men 3060 9.7 4
20110125 20110125-S04E07 Mockingbird 3060 9.1 4
20110125 20110125-S04E08 The_Mountain_and_the_Viper 3120 9.7 4
20110125 20110125-S04E09 The_Watchers_on_the_Wall 3060 9.6 4
20110125 20110125-S04E10 The_Children 3900 9.7 4
20110125 20110125-S05E01 The_Wars_to_Come 3180 8.5 5
20110125 20110125-S05E02 The_House_of_Black_and_White 3360 8.5 5
20110125 20110125-S05E03 High_Sparrow 3600 8.5 5
20110125 20110125-S05E04 Sons_of_the_Harpy 3060 8.7 5
20110125 20110125-S05E05 Kill_the_Boy 3420 8.6 5
20110125 20110125-S05E06 Unbowed_Unbent_Unbroken 3240 8 5
20110125 20110125-S05E07 The_Gift 3540 9 5
20110125 20110125-S05E08 Hardhome 3660 9.9 5
20110125 20110125-S05E09 The_Dance_of_Dragons 3120 9.5 5
20110125 20110125-S05E10 Mother's_Mercy 3600 9.1 5
20110125 20110125-S06E01 The_Red_Woman 3000 8.5 6
20110125 20110125-S06E02 Home 3240 9.4 6
20110125 20110125-S06E03 Oathbreaker 3120 8.7 6
20110125 20110125-S06E04 Book_of_the_Stranger 3540 9.1 6
20110125 20110125-S06E05 The_Door 3420 9.7 6
20110125 20110125-S06E06 Blood_of_My_Blood 3120 8.4 6
20110125 20110125-S06E07 The_Broken_Man 3060 8.6 6
20110125 20110125-S06E08 No_One 3540 8.4 6
20110125 20110125-S06E09 Battle_of_the_Bastards 3600 9.9 6
20110125 20110125-S06E10 The_Winds_of_Winter 4080 9.9 6
20110125 20110125-S07E01 Dragonstone 3540 8.6 7
20110125 20110125-S07E02 Stormborn 3540 8.9 7
20110125 20110125-S07E03 The_Queen's_Justice 3780 9.2 7
20110125 20110125-S07E04 The_Spoils_of_War 3000 9.8 7
20110125 20110125-S07E05 Eastwatch 3540 8.8 7
20110125 20110125-S07E06 Beyond_the_Wall 4200 9 7
20110125 20110125-S07E07 The_Dragon_and_the_Wolf 4800 9.4 7
20110125 20110125-S08E01 Winterfell 3240 7.6 8
20110125 20110125-S08E02 A_Knight_of_the_Seven_Kingdoms 3480 7.8 8
20110125 20110125-S08E03 The_Long_Night 4920 7.5 8
20110125 20110125-S08E04 The_Last_of_the_Starks 4680 5.5 8
20110125 20110125-S08E05 The_Bells 4680 6 8
20110125 20110125-S08E06 The_Iron_Throne 4800 4.1 8
20170120 20170120-S01E01 Secrets 3060 8.2 1
20170120 20170120-S01E02 Lies 2640 8.1 1
20170120 20170120-S01E03 Past_and_Present 2700 8.6 1
20170120 20170120-S01E04 Double_Lives 2820 8.3 1
20170120 20170120-S01E05 Truths 2700 8.9 1
20170120 20170120-S01E06_Sic_Mundus_Creatus_Est 3060 9.1 1
20170120 20170120-S01E07_Crossroads 3120 8.7 1
20170120 20170120-S01E08_As_You_Sow_so_You_Shall_Reap 3000 9.2 1
20170120 20170120-S01E09_Everything_Is_Now 3300 8.7 1
20170120 20170120-S01E10_Alpha_and_Omega 3420 9.2 1
20170120 20170120-S02E01_Beginnings_and_Endings 3180 8.9 2
20170120 20170120-S02E02_Dark_Matter 3240 9 2
20170120 20170120-S02E03_Ghosts 3360 9.2 2
20170120 20170120-S02E04_The_Travelers 3600 9.5 2
20170120 20170120-S02E05_Lost_and_Found 3360 9.3 2
20170120 20170120-S02E06_An_Endless_Cycle 3240 9.6 2
20170120 20170120-S02E07_The_White_Devil 3480 9.3 2
20170120 20170120-S02E08_Endings_and_Beginnings 3420 9.5 2
20160150 20160150-S01E01_Chapter_One_The_Vanishing_of_Will_Byers 2820 8.6 1
20160150 20160150-S01E02_Chapter_Two_The_Weirdo_on_Maple_Street 3300 8.5 1
20160150 20160150-S01E03_Chapter_Three_Holly_Jolly 3060 8.9 1
20160150 20160150-S01E04_Chapter_Four_The_Body 2940 9 1
20160150 20160150-S01E05_Chapter_Five_The_Flea_and_the_Acrobat 3120 8.8 1
20160150 20160150-S01E06_Chapter_Six_The_Monster 2760 8.9 1
20160150 20160150-S01E07_Chapter_Seven_The_Bathtub 2460 9.1 1
20160150 20160150-S01E08_Chapter_Eight_The_Upside_Down 3240 9.4 1
20160150 20160150-S02E01_Chapter_One_MADMAX 2880 8.3 2
20160150 20160150-S02E02_Chapter_Two_Trick_or_Treat_Freak 3360 8.4 2
20160150 20160150-S02E03_Chapter_Three_The_Pollywog 3060 8.7 2
20160150 20160150-S02E04_Chapter_Four_Will_the_Wise 2760 8.7 2
20160150 20160150-S02E05_Chapter_Five_Dig_Dug 3480 8.9 2
20160150 20160150-S02E06_Chapter_Six_The_Spy 3060 9.2 2
20160150 20160150-S02E07_Chapter_Seven_The_Lost_Sister 2700 6.1 2
20160150 20160150-S02E08_Chapter_Eight_The_Mind_Flayer 2820 9.3 2
20160150 20160150-S02E09_Chapter_Nine_The_Gate 3720 9.4 2
20160150 20160150-S03E01_Chapter_One_Suzie_Do_You_Copy 3000 7.9 3
20160150 20160150-S03E02_Chapter_Two_The_Mall_Rats 3000 8 3
20160150 20160150-S03E03_Chapter_Three_The_Case_of_the_Missing_Lifeguard 2940 8.4 3
20160150 20160150-S03E04_Chapter_Four_The_Sauna_Test 3120 9 3
20160150 20160150-S03E05_Chapter_Five_The_Flayed 3060 8.6 3
20160150 20160150-S03E06_Chapter_Six_E_Pluribus_Unum 3540 8.7 3
20160150 20160150-S03E07_Chapter_Seven_The_Bite 3300 8.8 3
20160150 20160150-S03E08_Chapter_Eight_The_Battle_of_Starcourt 4620 9.3 3
20170220 20170220-S01E01_Efectuar_lo_acordado 2820 8.3 1
20170220 20170220-S01E02_Imprudencias_letales 2460 8.4 1
20170220 20170220-S01E03_Errar_al_disparar 3000 8.2 1
20170220 20170220-S01E04_Caballo_de_Troya 3060 8.3 1
20170220 20170220-S01E05_El_día_de_la_marmota 2520 8.4 1
20170220 20170220-S01E06_La_cálida_Guerra_Fría 2580 8.3 1
20170220 20170220-S01E07_Refrigerada_inestabilidad 2820 8.4 1
20170220 20170220-S01E08_Tú_lo_has_buscado 2580 8.2 1
20170220 20170220-S01E09_El_que_la_sigue_la_consigue 2520 8.7 1
20170220 20170220-S02E01_Se_acabaron_las_máscaras 3240 8.6 2
20170220 20170220-S02E02_La_cabeza_del_plan 2520 8.5 2
20170220 20170220-S02E03_Cuestión_de_eficacia 2580 8.7 2
20170220 20170220-S02E04_¿Qué_hemos_hecho? 3300 8.8 2
20170220 20170220-S02E05_A_contrarreloj 2520 8.8 2
20170220 20170220-S02E06_Bella_ciao 2580 9.4 2
20170220 20170220-S03E01_Hemos_vuelto 3000 8.2 3
20170220 20170220-S03E02_Aikido 2460 8.4 3
20170220 20170220-S03E03_48_metros_bajo_el_suelo 2940 8.4 3
20170220 20170220-S03E04_La_hora_del_delfín 2580 8.1 3
20170220 20170220-S03E05_Bum_bum_ciao 2940 8.9 3
20170220 20170220-S03E06_Todo_pareció_insignificante 2760 8.3 3
20170220 20170220-S03E07_Pequeñas_vacaciones 2640 8.4 3
20170220 20170220-S03E08_La_deriva 3420 9.5 3
20170220 20170220-S04E01_Game_over 3120 7.4 4
20170220 20170220-S04E02_La_boda_de_Berlín 2640 7.1 4
20170220 20170220-S04E03_Lección_de_anatomía 2520 7 4
20170220 20170220-S04E04_Suspiros_de_España 3180 7.5 4
20170220 20170220-S04E05_5_minutos_antes 2520 6.9 4
20170220 20170220-S04E06_KO_técnico 2700 7.3 4
20170220 20170220-S04E07_Tumbar_la_carpa 3120 8.2 4
20170220 20170220-S04E08_Plan_París 3600 8.3 4
20181012 20181012-S01E01_Steven_Sees_a_Ghost 3600 8.1 1
20181012 20181012-S01E02 Open_Casket 3060 7.8 1
20181012 20181012-S01E03 Touch 3180 8.6 1
20181012 20181012-S01E04 The_Twin_Thing 3180 8.5 1
20181012 20181012-S01E05 The_Bent-Neck_Lady 4200 9.5 1
20181012 20181012-S01E06 Two_Storms 3360 9.3 1
20181012 20181012-S01E07 Eulogy 3600 8.2 1
20181012 20181012-S01E08 Witness_Marks 2580 8.8 1
20181012 20181012-S01E09 Screaming_Meemies 3420 8.8 1
20181012 20181012-S01E10 Silence_Lay_Steadily 4260 8.5 1
20190510 20190510-S01E01 What_Happened? 3480 7.1 1
20190510 20190510-S01E02 Our_Town 3480 7.0 1
20190510 20190510-S01E03 Childhood's_End 3660 7.2 1
20190510 20190510-S01E04 Drop_by_Drop 3360 7.3 1
20190510 20190510-S01E05 Putting_on_the_Clothes 3180 7.5 1
20190510 20190510-S01E06 Like_A_F-ing_God_or_Something 2880 7.7 1
20190510 20190510-S01E07 Allie's_Rules 3180 7.7 1
20190510 20190510-S01E08 Poison 3180 7.9 1
20190510 20190510-S01E09 New_Names 3600 7.6 1
20190510 20190510-S01E10 How_It_Happens 3540 7.5 1
20210108 20210108-S01E01 Chapter_1 2880 7.9 1
20210108 20210108-S01E02 Chapter_2 3180 7.7 1
20210108 20210108-S01E03 Chapter_3 2580 7.6 1
20210108 20210108-S01E04 Chapter_4 2880 7.6 1
20210108 20210108-S01E05 Chapter_5 2640 7.7 1
20210108 20210108-S02E01 Chapter_6 2580 7.2 2
20210108 20210108-S02E02 Chapter_7 2640 7.3 2
20210108 20210108-S02E03 Chapter_8 2460 7.4 2
20210108 20210108-S02E04 Chapter_9 2820 7.7 2
20210108 20210108-S02E05 Chapter_10 3000 8.1 2
20210108 20210108-S03E01 Chapter_1 3060 7.8 3
20210108 20210108-S03E02 Chapter_2 2880 7.5 3
20210108 20210108-S03E03 Chapter_3 3120 7.4 3
20210108 20210108-S03E04 Chapter_4 2520 7.4 3
20210108 20210108-S03E05 Chapter_5 2520 7.7 3
20210108 20210108-S03E06 Chapter_6 2520 7.5 3
20210108 20210108-S03E07 Chapter_7 3060 7.9 3
20230604 20230604-S01E01 Pop_Tarts_&_Rat_Tales 3300 5.3 1
20230604 20230604-S01E02 Double_Fantasy 3120 4.9 1
20230604 20230604-S01E03 Daybreak 2760 4.5 1
20230604 20230604-S01E04 Stars_Belong_to_the_World 3600 4.7 1
20230604 20230604-S01E05 Jocelyn_Forever 3960 4.0 1
20190616 20190616-S01E01 Pilot 3240 8.1 1
20190616 20190616-S01E02 Stuntin'_Like_My_Daddy 3660 8.1 1
20190616 20190616-S01E03 Made_You_Look 3420 8.3 1
20190616 20190616-S01E04 Shook_Ones_Pt_II 3360 9.0 1
20190616 20190616-S01E05 '03_Bonnie_and_Clyde 3180 8.0 1
20190616 20190616-S01E06 The_Next_Episode 3060 8.1 1
20190616 20190616-S01E07 The_Trials_and_Tribulations_of_Trying_to_Pee_While_Depressed 3600 8.4 1
20190616 20190616-S01E08 And_Salt_the_Earth_Behind_You 3900 8.2 1
20190616 20190616-S02E01 Trying_to_Get_to_Heaven_Before_They_Close_the_Door 3720 9.0 2
20190616 20190616-S02E02 Out_of_Touch 3480 8.0 2
20190616 20190616-S02E03 Ruminations:_Big_and_Little_Bullys 3660 8.5 2
20190616 20190616-S02E04 You_Who_Cannot_See,_Think_of_Those_Who_Can 3720 8.4 2
20190616 20190616-S02E05 Stand_Still_Like_the_Hummingbird 3240 9.5 2
20190616 20190616-S02E06 A_Thousand_Little_Trees_of_Blood 3660 8.3 2
20190616 20190616-S02E07 The_Theater_and_Its_Double 3540 8.9 2
20190616 20190616-S02E08 All_My_Life,_My_Heart_Has_Yearned_for_a_Thing_I_Cannot_Name 3720 8.3 2
20220422 20220422-S01E01 Meet 1920 8.3 1
20220422 20220422-S01E02 Crush 2040 8.8 1
20220422 20220422-S01E03 Kiss 1860 9.1 1
20220422 20220422-S01E04 Secret 2160 8.4 1
20220422 20220422-S01E05 Friend 2100 8.9 1
20220422 20220422-S01E06 Girls 2100 8.8 1
20220422 20220422-S01E07 Bully 2040 8.7 1
20220422 20220422-S01E08 Boyfriend 2400 9.3 1
20220422 20220422-S02E01 Out 1920 8.4 2
20220422 20220422-S02E02 Family 2040 8.5 2
20220422 20220422-S02E03 Promise 1860 8.5 2
20220422 20220422-S02E04 Challenge 2160 8.8 2
20220422 20220422-S02E05 Heat 2100 8.9 2
20220422 20220422-S02E06 Truth/Dare 2100 9.0 2
20220422 20220422-S02E07 Sorry 2040 9.2 2
20220422 20220422-S02E08 Perfect 2400 9.2 2


 
